l1 = 20;
l2 = 15;
l3 = 10;
l4 = 7;
l5 = 5;
l6 = 3;
r1 = 1;
r2 = 0.8;
r3 = 0.6;
r4 = 0.5;
r5 = 0.4;
r6 = 0.3;
m1 = 20;
m2 = 15;
m3 = 7;
m4 = 5;
m5 = 3;
m6 = 1;